
DETRoom1Det = [
    1    1    1    1     1     1     1    1    1    1  0.00000E+00 0.00000 
];


DETRoom2Det = [
    1    1    1    1     1     1     1    1    1    1  2.06018E+15 0.04468 
];


DETRoom3Det = [
    1    1    1    1     1     1     1    1    1    1  0.00000E+00 0.00000 
];


DETFluxDet = [
    1    1    1    1     1     1     1    1    1    1  1.55464E+16 0.00070 
    2    2    1    1     1     1     1    1    1    1  2.11866E+16 0.00064 
    3    3    1    1     1     1     1    1    1    1  2.68135E+16 0.00070 
    4    4    1    1     1     1     1    1    1    1  3.10025E+16 0.00075 
    5    5    1    1     1     1     1    1    1    1  3.38893E+16 0.00072 
    6    6    1    1     1     1     1    1    1    1  3.58793E+16 0.00097 
    7    7    1    1     1     1     1    1    1    1  3.70647E+16 0.00076 
    8    8    1    1     1     1     1    1    1    1  3.75843E+16 0.00088 
    9    9    1    1     1     1     1    1    1    1  3.83173E+16 0.00069 
   10   10    1    1     1     1     1    1    1    1  3.84560E+16 0.00085 
   11   11    1    1     1     1     1    1    1    1  3.76993E+16 0.00068 
   12   12    1    1     1     1     1    1    1    1  3.66953E+16 0.00076 
   13   13    1    1     1     1     1    1    1    1  3.52326E+16 0.00088 
   14   14    1    1     1     1     1    1    1    1  3.32718E+16 0.00076 
   15   15    1    1     1     1     1    1    1    1  3.08569E+16 0.00084 
   16   16    1    1     1     1     1    1    1    1  2.80577E+16 0.00073 
   17   17    1    1     1     1     1    1    1    1  2.48130E+16 0.00087 
   18   18    1    1     1     1     1    1    1    1  2.18855E+16 0.00083 
   19   19    1    1     1     1     1    1    1    1  1.88104E+16 0.00084 
   20   20    1    1     1     1     1    1    1    1  1.56103E+16 0.00080 
   21   21    1    1     1     1     1    1    1    1  1.32298E+16 0.00082 
   22   22    1    1     1     1     1    1    1    1  1.09633E+16 0.00078 
   23   23    1    1     1     1     1    1    1    1  1.30077E+16 0.00081 
   24   24    1    1     1     1     1    1    1    1  1.61914E+16 0.00077 
   25   25    1    1     1     1     1    1    1    1  1.76572E+16 0.00083 
   26   26    1    1     1     1     1    1    1    1  1.85765E+16 0.00081 
   27   27    1    1     1     1     1    1    1    1  1.94146E+16 0.00069 
   28   28    1    1     1     1     1    1    1    1  2.05372E+16 0.00079 
   29   29    1    1     1     1     1    1    1    1  2.14111E+16 0.00085 
   30   30    1    1     1     1     1    1    1    1  2.15384E+16 0.00079 
   31   31    1    1     1     1     1    1    1    1  2.43334E+16 0.00075 
   32   32    1    1     1     1     1    1    1    1  2.22212E+16 0.00064 
   33   33    1    1     1     1     1    1    1    1  2.94394E+16 0.00079 
   34   34    1    1     1     1     1    1    1    1  3.53019E+16 0.00070 
   35   35    1    1     1     1     1    1    1    1  3.61028E+16 0.00071 
   36   36    1    1     1     1     1    1    1    1  3.46381E+16 0.00065 
   37   37    1    1     1     1     1    1    1    1  3.79121E+16 0.00073 
   38   38    1    1     1     1     1    1    1    1  4.03073E+16 0.00074 
   39   39    1    1     1     1     1    1    1    1  3.70087E+16 0.00068 
   40   40    1    1     1     1     1    1    1    1  3.50700E+16 0.00078 
   41   41    1    1     1     1     1    1    1    1  4.05766E+16 0.00070 
   42   42    1    1     1     1     1    1    1    1  4.36399E+16 0.00070 
   43   43    1    1     1     1     1    1    1    1  4.47216E+16 0.00065 
   44   44    1    1     1     1     1    1    1    1  4.31536E+16 0.00068 
   45   45    1    1     1     1     1    1    1    1  4.29097E+16 0.00081 
   46   46    1    1     1     1     1    1    1    1  4.05026E+16 0.00083 
   47   47    1    1     1     1     1    1    1    1  3.90085E+16 0.00071 
   48   48    1    1     1     1     1    1    1    1  3.86670E+16 0.00077 
   49   49    1    1     1     1     1    1    1    1  3.55194E+16 0.00075 
   50   50    1    1     1     1     1    1    1    1  3.81228E+16 0.00086 
   51   51    1    1     1     1     1    1    1    1  3.98509E+16 0.00076 
   52   52    1    1     1     1     1    1    1    1  3.86127E+16 0.00067 
   53   53    1    1     1     1     1    1    1    1  3.67843E+16 0.00091 
   54   54    1    1     1     1     1    1    1    1  3.63510E+16 0.00076 
   55   55    1    1     1     1     1    1    1    1  3.19727E+16 0.00078 
   56   56    1    1     1     1     1    1    1    1  3.20121E+16 0.00083 
   57   57    1    1     1     1     1    1    1    1  3.45369E+16 0.00092 
   58   58    1    1     1     1     1    1    1    1  3.62742E+16 0.00079 
   59   59    1    1     1     1     1    1    1    1  3.58552E+16 0.00088 
   60   60    1    1     1     1     1    1    1    1  3.31045E+16 0.00088 
   61   61    1    1     1     1     1    1    1    1  3.07899E+16 0.00086 
   62   62    1    1     1     1     1    1    1    1  3.21351E+16 0.00100 
   63   63    1    1     1     1     1    1    1    1  3.28646E+16 0.00089 
   64   64    1    1     1     1     1    1    1    1  3.28377E+16 0.00088 
   65   65    1    1     1     1     1    1    1    1  2.86006E+16 0.00094 
   66   66    1    1     1     1     1    1    1    1  2.73571E+16 0.00102 
   67   67    1    1     1     1     1    1    1    1  2.78154E+16 0.00119 
   68   68    1    1     1     1     1    1    1    1  2.52702E+16 0.00109 
   69   69    1    1     1     1     1    1    1    1  2.52310E+16 0.00109 
   70   70    1    1     1     1     1    1    1    1  2.28443E+16 0.00113 
   71   71    1    1     1     1     1    1    1    1  2.04625E+16 0.00140 
   72   72    1    1     1     1     1    1    1    1  1.87756E+16 0.00108 
   73   73    1    1     1     1     1    1    1    1  1.74245E+16 0.00132 
   74   74    1    1     1     1     1    1    1    1  1.68918E+16 0.00127 
   75   75    1    1     1     1     1    1    1    1  1.61353E+16 0.00144 
   76   76    1    1     1     1     1    1    1    1  1.45957E+16 0.00146 
   77   77    1    1     1     1     1    1    1    1  1.33265E+16 0.00170 
   78   78    1    1     1     1     1    1    1    1  1.22666E+16 0.00156 
   79   79    1    1     1     1     1    1    1    1  1.16262E+16 0.00156 
   80   80    1    1     1     1     1    1    1    1  1.10130E+16 0.00164 
   81   81    1    1     1     1     1    1    1    1  1.03461E+16 0.00170 
   82   82    1    1     1     1     1    1    1    1  8.84102E+15 0.00177 
   83   83    1    1     1     1     1    1    1    1  8.00931E+15 0.00194 
   84   84    1    1     1     1     1    1    1    1  7.48342E+15 0.00225 
   85   85    1    1     1     1     1    1    1    1  6.91735E+15 0.00266 
   86   86    1    1     1     1     1    1    1    1  6.06038E+15 0.00272 
   87   87    1    1     1     1     1    1    1    1  5.24617E+15 0.00272 
   88   88    1    1     1     1     1    1    1    1  4.53253E+15 0.00239 
   89   89    1    1     1     1     1    1    1    1  3.85694E+15 0.00265 
   90   90    1    1     1     1     1    1    1    1  3.26583E+15 0.00363 
   91   91    1    1     1     1     1    1    1    1  2.88836E+15 0.00337 
   92   92    1    1     1     1     1    1    1    1  2.58387E+15 0.00469 
   93   93    1    1     1     1     1    1    1    1  2.11431E+15 0.00439 
   94   94    1    1     1     1     1    1    1    1  1.49305E+15 0.00461 
   95   95    1    1     1     1     1    1    1    1  1.18092E+15 0.00585 
   96   96    1    1     1     1     1    1    1    1  9.58282E+14 0.00638 
   97   97    1    1     1     1     1    1    1    1  8.06799E+14 0.00692 
   98   98    1    1     1     1     1    1    1    1  6.14179E+14 0.00749 
   99   99    1    1     1     1     1    1    1    1  4.59805E+14 0.00894 
  100  100    1    1     1     1     1    1    1    1  3.57945E+14 0.01205 
];


